FOOTBALL_Behind_the_Line.txt vs The_Last_Dutchess_Of_Belgrade.txt   
4, 10, 0.448579, 0.5
5, 10, 0.31813994, 0.5
6, 10, 0.21042435, 0.3
7, 10, 0.1469262, 0.0
8, 10, 0.10542156, 0.1
9, 10, 0.075701125, 0.0
10, 10, 0.056583162, 0.2
11, 10, 0.04424734, 0.0
12, 10, 0.036381673, 0.1
13, 10, 0.03166381, 0.0
4, 100, 0.448579, 0.35
5, 100, 0.31813994, 0.29
6, 100, 0.21042435, 0.18
7, 100, 0.1469262, 0.16
8, 100, 0.10542156, 0.09
9, 100, 0.075701125, 0.11
10, 100, 0.056583162, 0.1
11, 100, 0.04424734, 0.07
12, 100, 0.036381673, 0.04
13, 100, 0.03166381, 0.06
4, 250, 0.448579, 0.468
5, 250, 0.31813994, 0.308
6, 250, 0.21042435, 0.204
7, 250, 0.1469262, 0.164
8, 250, 0.10542156, 0.08
9, 250, 0.075701125, 0.08
10, 250, 0.056583162, 0.084
11, 250, 0.04424734, 0.048
12, 250, 0.036381673, 0.02
13, 250, 0.03166381, 0.028
4, 500, 0.448579, 0.406
5, 500, 0.31813994, 0.348
6, 500, 0.21042435, 0.206
7, 500, 0.1469262, 0.18
8, 500, 0.10542156, 0.108
9, 500, 0.075701125, 0.074
10, 500, 0.056583162, 0.07
11, 500, 0.04424734, 0.034
12, 500, 0.036381673, 0.036
13, 500, 0.03166381, 0.038

FOOTBALL_Behind_the_Line.txt vs The_Kingmakers.txt
4, 10, 0.48276532, 0.2
5, 10, 0.36858243, 0.4
6, 10, 0.25651178, 0.4
7, 10, 0.181242, 0.1
8, 10, 0.13126293, 0.1
9, 10, 0.09262384, 0.0
10, 10, 0.06639875, 0.2
11, 10, 0.048161943, 0.1
12, 10, 0.035893675, 0.0
13, 10, 0.02789586, 0.0
4, 100, 0.48276532, 0.58
5, 100, 0.36858243, 0.34
6, 100, 0.25651178, 0.32
7, 100, 0.181242, 0.17
8, 100, 0.13126293, 0.1
9, 100, 0.09262384, 0.1
10, 100, 0.06639875, 0.06
11, 100, 0.048161943, 0.04
12, 100, 0.035893675, 0.06
13, 100, 0.02789586, 0.01
4, 250, 0.48276532, 0.536
5, 250, 0.36858243, 0.392
6, 250, 0.25651178, 0.244
7, 250, 0.181242, 0.192
8, 250, 0.13126293, 0.124
9, 250, 0.09262384, 0.1
10, 250, 0.06639875, 0.048
11, 250, 0.048161943, 0.048
12, 250, 0.035893675, 0.036
13, 250, 0.02789586, 0.012
4, 500, 0.48276532, 0.464
5, 500, 0.36858243, 0.35
6, 500, 0.25651178, 0.276
7, 500, 0.181242, 0.146
8, 500, 0.13126293, 0.128
9, 500, 0.09262384, 0.084
10, 500, 0.06639875, 0.058
11, 500, 0.048161943, 0.058
12, 500, 0.035893675, 0.028
13, 500, 0.02789586, 0.02

FOOTBALL_Behind_the_Line.txt vs Macbeth.txt
4, 10, 0.4160206, 0.3
5, 10, 0.28169015, 0.3
6, 10, 0.17507872, 0.1
7, 10, 0.11553679, 0.2
8, 10, 0.07933954, 0.1
9, 10, 0.05516202, 0.0
10, 10, 0.041540083, 0.1
11, 10, 0.03391738, 0.0
12, 10, 0.029735237, 0.0
13, 10, 0.027344884, 0.0
4, 100, 0.4160206, 0.46
5, 100, 0.28169015, 0.28
6, 100, 0.17507872, 0.22
7, 100, 0.11553679, 0.07
8, 100, 0.07933954, 0.09
9, 100, 0.05516202, 0.08
10, 100, 0.041540083, 0.04
11, 100, 0.03391738, 0.03
12, 100, 0.029735237, 0.03
13, 100, 0.027344884, 0.04
4, 250, 0.4160206, 0.384
5, 250, 0.28169015, 0.252
6, 250, 0.17507872, 0.16
7, 250, 0.11553679, 0.092
8, 250, 0.07933954, 0.08
9, 250, 0.05516202, 0.056
10, 250, 0.041540083, 0.044
11, 250, 0.03391738, 0.048
12, 250, 0.029735237, 0.024
13, 250, 0.027344884, 0.024
4, 500, 0.4160206, 0.406
5, 500, 0.28169015, 0.278
6, 500, 0.17507872, 0.148
7, 500, 0.11553679, 0.112
8, 500, 0.07933954, 0.074
9, 500, 0.05516202, 0.064
10, 500, 0.041540083, 0.044
11, 500, 0.03391738, 0.026
12, 500, 0.029735237, 0.03
13, 500, 0.027344884, 0.03

FOOTBALL_Behind_the_Line.txt vs FOOTBALL_Behind_the_Line.txt
4, 10, 1.0, 1.0
5, 10, 1.0, 1.0
6, 10, 1.0, 1.0
7, 10, 1.0, 1.0
8, 10, 1.0, 1.0
9, 10, 1.0, 1.0
10, 10, 1.0, 1.0
11, 10, 1.0, 1.0
12, 10, 1.0, 1.0
13, 10, 1.0, 1.0
4, 100, 1.0, 1.0
5, 100, 1.0, 1.0
6, 100, 1.0, 1.0
7, 100, 1.0, 1.0
8, 100, 1.0, 1.0
9, 100, 1.0, 1.0
10, 100, 1.0, 1.0
11, 100, 1.0, 1.0
12, 100, 1.0, 1.0
13, 100, 1.0, 1.0
4, 250, 1.0, 1.0
5, 250, 1.0, 1.0
6, 250, 1.0, 1.0
7, 250, 1.0, 1.0
8, 250, 1.0, 1.0
9, 250, 1.0, 1.0
10, 250, 1.0, 1.0
11, 250, 1.0, 1.0
12, 250, 1.0, 1.0
13, 250, 1.0, 1.0
4, 500, 1.0, 1.0
5, 500, 1.0, 1.0
6, 500, 1.0, 1.0
7, 500, 1.0, 1.0
8, 500, 1.0, 1.0
9, 500, 1.0, 1.0
10, 500, 1.0, 1.0
11, 500, 1.0, 1.0
12, 500, 1.0, 1.0
13, 500, 1.0, 1.0


FOOTBALL_Behind_the_Line.txt vs FOOTBALL_Scottish_Football.txt
4, 10, 0.50206447, 0.5
5, 10, 0.39256865, 0.2
6, 10, 0.27579543, 0.4
7, 10, 0.1969917, 0.1
8, 10, 0.14417711, 0.5
9, 10, 0.104329, 0.1
10, 10, 0.076493576, 0.1
11, 10, 0.05711159, 0.1
12, 10, 0.04356625, 0.2
13, 10, 0.034488764, 0.0
4, 100, 0.50206447, 0.44
5, 100, 0.39256865, 0.38
6, 100, 0.27579543, 0.35
7, 100, 0.1969917, 0.21
8, 100, 0.14417711, 0.12
9, 100, 0.104329, 0.14
10, 100, 0.076493576, 0.04
11, 100, 0.05711159, 0.06
12, 100, 0.04356625, 0.12
13, 100, 0.034488764, 0.05
4, 250, 0.50206447, 0.44
5, 250, 0.39256865, 0.336
6, 250, 0.27579543, 0.308
7, 250, 0.1969917, 0.164
8, 250, 0.14417711, 0.144
9, 250, 0.104329, 0.088
10, 250, 0.076493576, 0.08
11, 250, 0.05711159, 0.036
12, 250, 0.04356625, 0.048
13, 250, 0.034488764, 0.052
4, 500, 0.50206447, 0.502
5, 500, 0.39256865, 0.426
6, 500, 0.27579543, 0.284
7, 500, 0.1969917, 0.192
8, 500, 0.14417711, 0.166
9, 500, 0.104329, 0.084
10, 500, 0.076493576, 0.064
11, 500, 0.05711159, 0.046
12, 500, 0.04356625, 0.056
13, 500, 0.034488764, 0.032

FOOTBALL_Behind_the_Line.txt vs FOOTBALL_Football_Days_Memories.txt
4, 10, 0.48564932, 0.4
5, 10, 0.37007228, 0.2
6, 10, 0.25578356, 0.3
7, 10, 0.18147002, 0.1
8, 10, 0.13225178, 0.2
9, 10, 0.09571269, 0.0
10, 10, 0.071320854, 0.2
11, 10, 0.054917045, 0.1
12, 10, 0.04414958, 0.0
13, 10, 0.0371887, 0.0
4, 100, 0.48564932, 0.48
5, 100, 0.37007228, 0.26
6, 100, 0.25578356, 0.24
7, 100, 0.18147002, 0.19
8, 100, 0.13225178, 0.11
9, 100, 0.09571269, 0.03
10, 100, 0.071320854, 0.06
11, 100, 0.054917045, 0.08
12, 100, 0.04414958, 0.05
13, 100, 0.0371887, 0.05
4, 250, 0.48564932, 0.516
5, 250, 0.37007228, 0.352
6, 250, 0.25578356, 0.26
7, 250, 0.18147002, 0.196
8, 250, 0.13225178, 0.124
9, 250, 0.09571269, 0.1
10, 250, 0.071320854, 0.092
11, 250, 0.054917045, 0.06
12, 250, 0.04414958, 0.024
13, 250, 0.0371887, 0.024
4, 500, 0.48564932, 0.474
5, 500, 0.37007228, 0.372
6, 500, 0.25578356, 0.27
7, 500, 0.18147002, 0.186
8, 500, 0.13225178, 0.128
9, 500, 0.09571269, 0.102
10, 500, 0.071320854, 0.06
11, 500, 0.054917045, 0.062
12, 500, 0.04414958, 0.036
13, 500, 0.0371887, 0.032