FOOTBALL_Behind_the_Line.txt vs The_Last_Dutchess_Of_Belgrade.txt
4, 10, 0.4213121, 0.4
5, 10, 0.29179952, 0.5
6, 10, 0.18253742, 0.3
7, 10, 0.118376955, 0.0
8, 10, 0.07689293, 0.1
9, 10, 0.047744602, 0.0
10, 10, 0.029300675, 0.2
11, 10, 0.017592302, 0.0
12, 10, 0.0102700265, 0.1
13, 10, 0.0060567656, 0.0
4, 100, 0.4213121, 0.38
5, 100, 0.29179952, 0.34
6, 100, 0.18253742, 0.22
7, 100, 0.118376955, 0.09
8, 100, 0.07689293, 0.11
9, 100, 0.047744602, 0.03
10, 100, 0.029300675, 0.03
11, 100, 0.017592302, 0.04
12, 100, 0.0102700265, 0.0
13, 100, 0.0060567656, 0.0
4, 250, 0.4213121, 0.412
5, 250, 0.29179952, 0.3
6, 250, 0.18253742, 0.172
7, 250, 0.118376955, 0.072
8, 250, 0.07689293, 0.092
9, 250, 0.047744602, 0.072
10, 250, 0.029300675, 0.012
11, 250, 0.017592302, 0.008
12, 250, 0.0102700265, 0.02
13, 250, 0.0060567656, 0.012
4, 500, 0.4213121, 0.416
5, 500, 0.29179952, 0.262
6, 500, 0.18253742, 0.198
7, 500, 0.118376955, 0.132
8, 500, 0.07689293, 0.07
9, 500, 0.047744602, 0.044
10, 500, 0.029300675, 0.026
11, 500, 0.017592302, 0.016
12, 500, 0.0102700265, 0.01
13, 500, 0.0060567656, 0.014

FOOTBALL_Behind_the_Line.txt vs The_Kingmakers.txt
4, 10, 0.4599229, 0.6
5, 10, 0.3479667, 0.3
6, 10, 0.23601687, 0.2
7, 10, 0.16140917, 0.0
8, 10, 0.112271234, 0.0
9, 10, 0.07464233, 0.0
10, 10, 0.04931766, 0.2
11, 10, 0.03182785, 0.1
12, 10, 0.020129701, 0.0
13, 10, 0.012593004, 0.0
4, 100, 0.4599229, 0.52
5, 100, 0.3479667, 0.42
6, 100, 0.23601687, 0.36
7, 100, 0.16140917, 0.23
8, 100, 0.112271234, 0.17
9, 100, 0.07464233, 0.06
10, 100, 0.04931766, 0.03
11, 100, 0.03182785, 0.01
12, 100, 0.020129701, 0.03
13, 100, 0.012593004, 0.05
4, 250, 0.4599229, 0.428
5, 250, 0.3479667, 0.368
6, 250, 0.23601687, 0.228
7, 250, 0.16140917, 0.192
8, 250, 0.112271234, 0.128
9, 250, 0.07464233, 0.08
10, 250, 0.04931766, 0.052
11, 250, 0.03182785, 0.02
12, 250, 0.020129701, 0.016
13, 250, 0.012593004, 0.016
4, 500, 0.4599229, 0.44
5, 500, 0.3479667, 0.334
6, 500, 0.23601687, 0.27
7, 500, 0.16140917, 0.162
8, 500, 0.112271234, 0.114
9, 500, 0.07464233, 0.076
10, 500, 0.04931766, 0.052
11, 500, 0.03182785, 0.028
12, 500, 0.020129701, 0.018
13, 500, 0.012593004, 0.022

FOOTBALL_Behind_the_Line.txt vs Macbeth.txt
4, 10, 0.38963625, 0.5
5, 10, 0.25649232, 0.4
6, 10, 0.1483732, 0.1
7, 10, 0.08807274, 0.0
8, 10, 0.051737018, 0.0
9, 10, 0.02788778, 0.0
10, 10, 0.014717891, 0.0
11, 10, 0.007521426, 0.0
12, 10, 0.0037452432, 0.0
13, 10, 0.0017810196, 0.0
4, 100, 0.38963625, 0.42
5, 100, 0.25649232, 0.22
6, 100, 0.1483732, 0.07
7, 100, 0.08807274, 0.12
8, 100, 0.051737018, 0.04
9, 100, 0.02788778, 0.03
10, 100, 0.014717891, 0.01
11, 100, 0.007521426, 0.0
12, 100, 0.0037452432, 0.0
13, 100, 0.0017810196, 0.0
4, 250, 0.38963625, 0.42
5, 250, 0.25649232, 0.252
6, 250, 0.1483732, 0.12
7, 250, 0.08807274, 0.1
8, 250, 0.051737018, 0.052
9, 250, 0.02788778, 0.016
10, 250, 0.014717891, 0.02
11, 250, 0.007521426, 0.008
12, 250, 0.0037452432, 0.012
13, 250, 0.0017810196, 0.004
4, 500, 0.38963625, 0.382
5, 500, 0.25649232, 0.306
6, 500, 0.1483732, 0.16
7, 500, 0.08807274, 0.08
8, 500, 0.051737018, 0.048
9, 500, 0.02788778, 0.028
10, 500, 0.014717891, 0.008
11, 500, 0.007521426, 0.008
12, 500, 0.0037452432, 0.008
13, 500, 0.0017810196, 0.004


FOOTBALL_Behind_the_Line.txt vs FOOTBALL_Behind_the_Line.txt
4, 10, 1.0, 1.0
5, 10, 1.0, 1.0
6, 10, 1.0, 1.0
7, 10, 1.0, 1.0
8, 10, 1.0, 1.0
9, 10, 1.0, 1.0
10, 10, 1.0, 1.0
11, 10, 1.0, 1.0
12, 10, 1.0, 1.0
13, 10, 1.0, 1.0
4, 100, 1.0, 1.0
5, 100, 1.0, 1.0
6, 100, 1.0, 1.0
7, 100, 1.0, 1.0
8, 100, 1.0, 1.0
9, 100, 1.0, 1.0
10, 100, 1.0, 1.0
11, 100, 1.0, 1.0
12, 100, 1.0, 1.0
13, 100, 1.0, 1.0
4, 250, 1.0, 1.0
5, 250, 1.0, 1.0
6, 250, 1.0, 1.0
7, 250, 1.0, 1.0
8, 250, 1.0, 1.0
9, 250, 1.0, 1.0
10, 250, 1.0, 1.0
11, 250, 1.0, 1.0
12, 250, 1.0, 1.0
13, 250, 1.0, 1.0
4, 500, 1.0, 1.0
5, 500, 1.0, 1.0
6, 500, 1.0, 1.0
7, 500, 1.0, 1.0
8, 500, 1.0, 1.0
9, 500, 1.0, 1.0
10, 500, 1.0, 1.0
11, 500, 1.0, 1.0
12, 500, 1.0, 1.0
13, 500, 1.0, 1.0

FOOTBALL_Behind_the_Line.txt vs FOOTBALL_Football_Days_Memories.txt
4, 10, 0.4740707, 0.2
5, 10, 0.3677491, 0.2
6, 10, 0.2522137, 0.4
7, 10, 0.17478286, 0.3
8, 10, 0.12327674, 0.4
9, 10, 0.08460367, 0.1
10, 10, 0.057665214, 0.1
11, 10, 0.038906306, 0.0
12, 10, 0.02577539, 0.1
13, 10, 0.016964665, 0.0
4, 100, 0.4740707, 0.45
5, 100, 0.3677491, 0.41
6, 100, 0.2522137, 0.25
7, 100, 0.17478286, 0.13
8, 100, 0.12327674, 0.13
9, 100, 0.08460367, 0.17
10, 100, 0.057665214, 0.05
11, 100, 0.038906306, 0.04
12, 100, 0.02577539, 0.01
13, 100, 0.016964665, 0.01
4, 250, 0.4740707, 0.436
5, 250, 0.3677491, 0.356
6, 250, 0.2522137, 0.248
7, 250, 0.17478286, 0.176
8, 250, 0.12327674, 0.168
9, 250, 0.08460367, 0.096
10, 250, 0.057665214, 0.048
11, 250, 0.038906306, 0.036
12, 250, 0.02577539, 0.024
13, 250, 0.016964665, 0.008
4, 500, 0.4740707, 0.43
5, 500, 0.3677491, 0.396
6, 500, 0.2522137, 0.248
7, 500, 0.17478286, 0.172
8, 500, 0.12327674, 0.11
9, 500, 0.08460367, 0.074
10, 500, 0.057665214, 0.066
11, 500, 0.038906306, 0.044
12, 500, 0.02577539, 0.024
13, 500, 0.016964665, 0.014


FOOTBALL_Behind_the_Line.txt vs FOOTBALL_Scottish_Football.txt
4, 10, 0.45455065, 0.3
5, 10, 0.3408033, 0.3
6, 10, 0.22616795, 0.0
7, 10, 0.15219983, 0.1
8, 10, 0.10368497, 0.3
9, 10, 0.067957304, 0.0
10, 10, 0.0442389, 0.1
11, 10, 0.02830386, 0.0
12, 10, 0.017822877, 0.0
13, 10, 0.011026231, 0.0
4, 100, 0.45455065, 0.38
5, 100, 0.3408033, 0.25
6, 100, 0.22616795, 0.21
7, 100, 0.15219983, 0.15
8, 100, 0.10368497, 0.08
9, 100, 0.067957304, 0.05
10, 100, 0.0442389, 0.05
11, 100, 0.02830386, 0.03
12, 100, 0.017822877, 0.01
13, 100, 0.011026231, 0.0
4, 250, 0.45455065, 0.452
5, 250, 0.3408033, 0.376
6, 250, 0.22616795, 0.236
7, 250, 0.15219983, 0.172
8, 250, 0.10368497, 0.092
9, 250, 0.067957304, 0.084
10, 250, 0.0442389, 0.056
11, 250, 0.02830386, 0.036
12, 250, 0.017822877, 0.016
13, 250, 0.011026231, 0.004
4, 500, 0.45455065, 0.446
5, 500, 0.3408033, 0.34
6, 500, 0.22616795, 0.184
7, 500, 0.15219983, 0.154
8, 500, 0.10368497, 0.08
9, 500, 0.067957304, 0.07
10, 500, 0.0442389, 0.03
11, 500, 0.02830386, 0.046
12, 500, 0.017822877, 0.016
13, 500, 0.011026231, 0.01


